"","memso","ga","ma","ga.own","ga.tree.own","pso","de","ai","tree"
"memso",0,0.85,0.13,0.26,0.14,0.16,0.12,0.12,0.01
"ga",0.85,0,0.26,0.31,0.11,0.24,0.19,0.22,0.02
"ma",0.13,0.26,0,0.73,0.28,0.01,0.01,0.01,0.06
"ga.own",0.26,0.31,0.73,0,0.51,0,0.02,0,0.01
"ga.tree.own",0.14,0.11,0.28,0.51,0,0.25,0.28,0.21,0.1
"pso",0.16,0.24,0.01,0,0.25,0,0.9,0.91,0.34
"de",0.12,0.19,0.01,0.02,0.28,0.9,0,0.91,0.39
"ai",0.12,0.22,0.01,0,0.21,0.91,0.91,0,0.43
"tree",0.01,0.02,0.06,0.01,0.1,0.34,0.39,0.43,0
